inflation=[0.005821694522956407, 8412, 28158, 8363]
rent=[0.10110137043884408, 117814, 537190, 208515]
renting=[0.15804229995627472, 1627, 6368, 3440]
renter=[0.05479922202274115, 613, 1970, 759]
money=[0.08849783232228133, 51578, 185491, 81244]
dogs=[0.14345948299425634, 11252, 63325, 27859]
dog=[0.12120979075066195, 35760, 220898, 79496]
cat=[0.1423881450377852, 127964, 637416, 288221]
cats=[0.1608463311991344, 5273, 39624, 16172]
price=[0.14146895233826207, 23427, 119898, 52912]
prices=[0.06894148603064597, 9784, 41862, 14463]
shortage=[-0.17330994543214057, 6591, 13521, 2612]
shortages=[-0.1669078493245229, 3050, 5884, 1207]
like=[0.29866304760614876, 213286, 1135402, 881089]
one=[0.125556675671831, 692645, 3041996, 1380028]
get=[0.12824998247441727, 356141, 1411104, 700566]
good=[0.4214742018232233, 73648, 569832, 624815]
people=[0.04126322633287576, 317510, 716829, 375001]
amp=[0.1546415271920099, 323711, 1123438, 683703]
time=[0.15033383238612336, 225372, 1002703, 514226]
would=[0.155402911126853, 192142, 703582, 417101]
know=[0.12632471117639207, 202342, 813282, 391290]
love=[0.571761452053499, 40001, 280705, 928808]
covid=[-0.03904842288681042, 33396, 81717, 25492]
covid19=[0.05903204305751929, 1204, 6884, 1109]
pandemic=[-0.004736980225212831, 16120, 41588, 15112]
ancient=[0.3527, 0, 1, 0]
